12 12 3
12 12 3
12 11 8
12 12 3
12 12 3
12 12 3
12 12 3
12 11 8
12 12 3
12 11 8
12 12 3
12 11 8
11 12 6
12 12 3
11 12 6
12 12 3
12 11 8
12 12 3
12 12 3
12 11 8
11 12 6
11 11 9
12 12 3
12 11 8
12 10 11
12 9 14
12 12 3
12 11 8
12 10 11
12 12 3
12 11 8
11 12 6
11 11 9
11 10 15
12 12 3
12 11 8
11 12 6
11 10 15
12 12 3
11 12 6
12 11 8
12 10 11
12 9 14
12 11 8
12 10 11
12 9 14
12 11 8
12 10 11
12 9 14
12 11 8
12 10 11
12 9 14
11 9 19
11 8 27
10 8 35
12 9 14
12 9 14
11 9 19
11 8 27
10 8 35
11 9 19
11 9 19
11 8 27
12 8 34
12 7 37
11 7 42
11 8 50
10 8 58
11 8 66
11 9 71
11 9 19
11 8 27
10 8 35
10 9 39
10 10 44
11 9 19
11 11 9
12 12 3
12 11 8
11 12 6
12 11 8
10 9 39
10 10 44
12 12 3
11 12 6
10 12 11
10 11 18
9 11 25
10 11 32
11 12 6
11 11 9
12 10 11
12 9 14
10 8 35
11 10 15
10 11 16
10 10 21
11 9 19
11 8 27
10 9 25
9 9 31
9 10 36
8 10 42
9 9 31
9 10 36
9 11 43
9 12 48
8 12 53
9 10 36
9 11 43
9 12 48
9 10 36
9 11 43
9 12 48
9 10 36
9 11 43
9 9 31
10 8 35
10 10 20
12 12 3
12 11 8
11 12 6
11 11 9
11 10 15
11 9 19
11 8 27
10 8 35
11 9 19
11 9 20
11 11 9
12 11 8
12 10 11
12 9 14
11 10 15
12 11 8
12 10 11
12 9 14
12 8 21
11 9 19
11 8 27
12 8 34
12 7 37
11 8 27
11 9 32
9 11 43
10 10 21
10 9 25
9 9 31
9 10 36
10 10 41
11 9 19
11 8 27
10 8 35
10 9 39
10 11 16
10 10 21
10 9 25
10 10 30
10 11 37
9 11 44
10 12 11
10 11 18
9 11 43
9 11 25
10 10 21
10 9 25
12 12 3
12 11 8
11 12 6
11 11 9
11 10 15
11 9 20
10 10 21
10 9 25
11 9 19
11 8 27
12 8 34
12 9 37
11 9 20
12 9 23
12 8 30
11 8 38
11 9 43
12 11 8
11 11 11
11 10 17
10 9 25
10 10 30
10 10 21
10 9 25
10 10 22
10 9 26
12 8 30
11 10 15
12 12 3
11 12 6
11 11 9
12 12 3
11 11 9
11 10 15
11 12 6
10 10 20
11 9 19
11 11 9
12 11 14
12 11 8
12 10 11
12 9 14
11 10 15
11 9 20
11 9 19
11 10 25
9 11 43
9 12 48
9 11 55
10 11 62
11 10 15
11 9 20
10 9 24
10 10 29
10 12 11
10 11 18
9 11 25
11 10 15
11 9 20
10 9 24
10 10 29
10 12 11
9 11 43
9 12 48
9 12 48
9 11 55
10 12 11
11 12 6
10 11 36
10 12 41
10 12 11
11 9 19
11 10 25
10 11 16
11 12 6
10 12 11
10 11 18
12 12 3
12 11 8
11 12 6
11 12 6
11 11 9
12 12 3
12 11 8
12 10 11
12 11 8
11 10 17
11 11 20
9 12 48
9 10 36
10 12 11
10 11 18
11 12 6
11 11 9
12 11 14
12 10 17
11 11 9
11 11 11
11 12 14
12 12 3
11 12 6
11 11 9
11 10 15
12 11 8
12 10 11
12 9 14
11 10 15
12 11 8
11 12 6
12 10 17
11 10 15
11 9 20
10 9 24
11 11 9
12 12 3
12 11 8
11 12 6
11 11 11
11 10 17
10 12 11
10 11 18
9 11 25
10 10 22
11 9 19
11 8 27
10 9 26
9 9 32
9 8 38
8 8 46
8 7 53
7 7 62
7 6 71
6 6 77
6 5 85
5 5 94
5 4 99
4 4 105
4 3 110
3 3 116
3 2 121
2 2 126
2 1 127
1 1 129
1 0 1